# File Name UVLED ID Average Current (A) Current Standard Deviation (A) UVLED Current Amplitude (mA) UVLED Displacement (m) UVLED Pulse Frequency (Hz) Background Corrected Current (A) Corrected Current Standard Deviation (A) Flux (photons/mm^2) Flux Error
2017 05 18_frequency 00 8 355 -9.50993956155e-08 7.79085916898e-09 40.0 close 11800 -1 -1 2038655.626403045 167170.1901890023
2017 05 18_frequency 01 8 355 -4.23575892667e-08 9.75952239929e-12 40.0 close 5200 -1 -1 2060516.0972377153 7330.222749771936
2017 05 18_frequency 02 8 355 -4.11309260667e-08 5.14359924523e-12 40.0 close 5050 -1 -1 2060275.1780270361 7318.513471526879
2017 05 18_frequency 03 8 355 -9.00131948667e-08 2.66894674791e-11 40.0 close 11100 -1 -1 2051310.0996687775 7307.5071018067465
2017 05 18_frequency 04 8 355 -1.79954681333e-08 8.13120010713e-12 40.0 close 2200 -1 -1 2069133.8641617545 7404.685660631504
2017 05 18_frequency 05 8 355 -1.39403738e-08 1.51555831591e-11 40.0 close 1700 -1 -1 2074309.796123239 7701.374211965925
2017 05 18_frequency 06 8 355 -1.27147876667e-08 2.55248549566e-11 40.0 close 1550 -1 -1 2075035.5156523008 8462.617265274248
2017 05 18_frequency 07 8 355 -3.70709044e-08 1.0977601528e-11 40.0 close 4550 -1 -1 2060961.624998716 7341.823882781696
2017 05 18_frequency 08 8 355 -5.53283067333e-08 4.16685996832e-12 40.0 close 6800 -1 -1 2058195.3236396639 7308.2374012763785
2017 05 18_frequency 09 8 355 -8.06783220667e-08 1.80068386378e-11 40.0 close 9950 -1 -1 2051076.6808659555 7295.698818900503
2017 05 18_frequency 10 8 355 -4.76330780667e-08 8.0911054619e-12 40.0 close 5850 -1 -1 2059685.45039884 7320.248862642497
2017 05 18_frequency 100 8 355 -1.01017062e-07 2.67078556983e-11 40.0 close 12450 -1 -1 2052454.330649612 7306.392018604552
2017 05 18_frequency 101 8 355 -2.69909804e-08 1.22152101295e-11 40.0 close 3300 -1 -1 2068963.5545600299 7404.264228090835
2017 05 18_frequency 102 8 355 -5.58162492e-08 1.21753444042e-11 40.0 close 6850 -1 -1 2061190.8126213031 7331.027785976544
2017 05 18_frequency 103 8 355 -9.78068860667e-08 2.76397879851e-11 40.0 close 12050 -1 -1 2053196.455656 7311.905135466931
2017 05 18_frequency 104 8 355 -2.29111612667e-08 1.386407926e-11 40.0 close 2800 -1 -1 2069841.982371267 7453.924390436987
2017 05 18_frequency 105 8 355 -4.1588331e-08 1.77229484003e-12 40.0 close 5100 -1 -1 2062763.4915049358 7323.337994378695
2017 05 18_frequency 106 8 355 -2.82170366667e-08 1.23789354775e-11 40.0 close 3450 -1 -1 2068904.4226433174 7400.480509321025
2017 05 18_frequency 107 8 355 -7.27585650667e-08 1.90138752055e-11 40.0 close 8950 -1 -1 2056407.6491121557 7320.000320867464
2017 05 18_frequency 108 8 355 -5.37907422667e-08 7.72262996193e-12 40.0 close 6600 -1 -1 2061634.7326630284 7324.785919097008
2017 05 18_frequency 109 8 355 -7.41782664667e-09 3.49175177944e-11 40.0 close 900 -1 -1 2084885.893289611 12292.103077645683
2017 05 18_frequency 11 8 355 -2.89876376e-08 1.37720619613e-12 40.0 close 3550 -1 -1 2065535.1535506735 7333.306434729339
2017 05 18_frequency 110 8 355 -8.56799958e-08 2.19545653345e-11 40.0 close 10550 -1 -1 2054353.1269904636 7311.926906340333
2017 05 18_frequency 111 8 355 -6.10614659333e-08 1.1453192108e-11 40.0 close 7500 -1 -1 2059463.4252619767 7321.293079411819
2017 05 18_frequency 112 8 355 -7.47654288667e-08 1.81702805532e-11 40.0 close 9200 -1 -1 2055706.561299987 7314.839415779633
2017 05 18_frequency 113 8 355 -7.35491782667e-08 1.36897825036e-11 40.0 close 9050 -1 -1 2055783.453704065 7308.055658590082
2017 05 18_frequency 114 8 355 -1.92424162667e-08 2.0361981814e-11 40.0 close 2350 -1 -1 2071285.0171973263 7672.775999655572
2017 05 18_frequency 115 8 355 -8.8119709e-08 2.62170504252e-11 40.0 close 10850 -1 -1 2054430.418199853 7318.795825338738
2017 05 18_frequency 116 8 355 -4.93346354e-08 3.19849310978e-12 40.0 close 6050 -1 -1 2062740.8477828274 7323.951069912678
2017 05 18_frequency 117 8 355 -9.94200111333e-08 2.86012228535e-11 40.0 close 12250 -1 -1 2052985.2980370491 7311.989000638341
2017 05 18_frequency 118 8 355 -7.55590327333e-08 1.78415988782e-11 40.0 close 9300 -1 -1 2055188.029349464 7312.039114375855
2017 05 18_frequency 119 8 355 -5.0527877e-08 6.58171069454e-12 40.0 close 6200 -1 -1 2061519.6661935898 7323.319727314953
2017 05 18_frequency 12 8 355 -7.90844221333e-08 1.74227577835e-11 40.0 close 9750 -1 -1 2051797.2833046804 7297.89268948954
2017 05 18_frequency 120 8 355 -1.35508116e-08 2.4918369585e-11 40.0 close 1650 -1 -1 2077444.7552197315 8305.621553943152
2017 05 18_frequency 121 8 355 -9.73968751333e-08 2.84618699488e-11 40.0 close 12000 -1 -1 2053108.4846839698 7313.187368087979
2017 05 18_frequency 122 8 355 -7.31405106667e-08 1.61674511562e-11 40.0 close 9000 -1 -1 2055718.2875857125 7311.933496516517
2017 05 18_frequency 123 8 355 -3.22572699333e-08 6.93352017344e-12 40.0 close 3950 -1 -1 2065754.1475285494 7346.857196956893
2017 05 18_frequency 124 8 355 -8.00125022667e-08 2.08922951714e-11 40.0 close 9850 -1 -1 2054800.8776996203 7314.2483588922105
2017 05 18_frequency 125 8 355 -1.31403978e-08 2.68653230236e-11 40.0 close 1600 -1 -1 2077479.039628749 8510.671667271536
2017 05 18_frequency 126 8 355 -2.61824214e-08 3.12766857366e-12 40.0 close 3200 -1 -1 2069702.6259443688 7351.6029355261735
2017 05 18_frequency 127 8 355 -5.09605374667e-08 8.13407722172e-12 40.0 close 6250 -1 -1 2062538.6850490107 7329.409628183923
2017 05 18_frequency 128 8 355 -4.03797604e-08 9.99733470348e-12 40.0 close 4950 -1 -1 2063510.386836889 7343.255405508065
2017 05 18_frequency 129 8 355 -2.25129101333e-08 1.68039294209e-11 40.0 close 2750 -1 -1 2070842.4762317806 7512.231166011868
2017 05 18_frequency 13 8 355 -2.7760445e-08 1.47038135983e-11 40.0 close 3400 -1 -1 2065359.3595976743 7413.186719173359
2017 05 18_frequency 130 8 355 -1.47760568e-08 3.33338173032e-12 40.0 close 1800 -1 -1 2076510.671396965 7386.482200735482
2017 05 18_frequency 131 8 355 -8.73200013333e-08 1.75716908565e-11 40.0 close 10750 -1 -1 2054723.5092533184 7305.978170250545
2017 05 18_frequency 132 8 355 -7.67698946e-08 2.10557255754e-11 40.0 close 9450 -1 -1 2054978.376574217 7316.9133005204585
2017 05 18_frequency 133 8 355 -7.87663475333e-08 2.28980562475e-11 40.0 close 9700 -1 -1 2054078.768332241 7316.3885329014365
2017 05 18_frequency 134 8 355 -3.30972396667e-09 2.1733528323e-11 40.0 close 400 -1 -1 2093051.4501513327 15624.081425175984
2017 05 18_frequency 135 8 355 -5.25812329333e-08 3.64871494213e-12 40.0 close 6450 -1 -1 2062144.8657028112 7322.012693429058
2017 05 18_frequency 136 8 355 -9.3792734e-08 2.57664502535e-11 40.0 close 11550 -1 -1 2054165.031140163 7314.087996494198
2017 05 18_frequency 137 8 355 -3.4685763e-08 1.22190399923e-11 40.0 close 4250 -1 -1 2064478.8729240242 7364.896354769133
2017 05 18_frequency 138 8 355 -4.95221988e-09 3.85787469592e-11 40.0 close 600 -1 -1 2087837.9598386893 17873.8442847292
2017 05 18_frequency 139 8 355 -6.58581073333e-08 1.71150844059e-11 40.0 close 8100 -1 -1 2056706.6260811903 7320.846199290632
2017 05 18_frequency 14 8 355 -8.02849518e-08 2.26785487798e-11 40.0 close 9900 -1 -1 2051384.5340449193 7305.432966288609
2017 05 18_frequency 140 8 355 -2.37366913333e-08 5.22726858779e-12 40.0 close 2900 -1 -1 2070476.497166125 7364.320323909035
2017 05 18_frequency 141 8 355 -1.63897707333e-08 2.26455099331e-11 40.0 close 2000 -1 -1 2072960.3886269843 7896.742566553612
2017 05 18_frequency 142 8 355 -8.24415408e-08 2.10436250211e-11 40.0 close 10150 -1 -1 2054604.2317808878 7312.675377312876
2017 05 18_frequency 143 8 355 -8.93237482667e-08 2.16662718758e-11 40.0 close 11000 -1 -1 2054103.7448254041 7309.070001362455
2017 05 18_frequency 144 8 355 -9.41642328667e-08 2.67928689353e-11 40.0 close 11600 -1 -1 2053412.039262037 7312.989721232408
2017 05 18_frequency 145 8 355 -6.62507769333e-08 1.39187048701e-11 40.0 close 8150 -1 -1 2056276.3827857482 7312.55316377477
2017 05 18_frequency 146 8 355 -2.89844737333e-09 7.38676912283e-12 40.0 close 350 -1 -1 2094814.134360557 9154.47819161958
2017 05 18_frequency 147 8 355 -9.25940908667e-08 2.50711048802e-11 40.0 close 11400 -1 -1 2054596.4866870884 7315.0020346947695
2017 05 18_frequency 148 8 355 -6.95241368667e-08 2.04266734488e-11 40.0 close 8550 -1 -1 2056920.9980064463 7327.035116993348
2017 05 18_frequency 149 8 355 -7.03219741333e-08 1.81651256418e-11 40.0 close 8650 -1 -1 2056473.2616886531 7319.78134073553
2017 05 18_frequency 15 8 355 -2.93849447333e-08 2.26066765851e-12 40.0 close 3600 -1 -1 2064764.3733038264 7331.634541013342
2017 05 18_frequency 150 8 355 -7.11230981333e-08 1.84179954894e-11 40.0 close 8750 -1 -1 2056130.7770508442 7318.658785353832
2017 05 18_frequency 151 8 355 -8.36321467333e-08 2.67777112165e-11 40.0 close 10300 -1 -1 2053922.9166379655 7321.023216474626
2017 05 18_frequency 152 8 355 -4.1996561e-08 3.90262010279e-12 40.0 close 5150 -1 -1 2062788.1126370465 7325.406258771905
2017 05 18_frequency 153 8 355 -3.63278107333e-08 8.72780156333e-12 40.0 close 4450 -1 -1 2065034.6146345236 7347.641753422367
2017 05 18_frequency 154 8 355 -2.2108931e-08 1.82101582915e-11 40.0 close 2700 -1 -1 2071343.3800858683 7548.593002790452
2017 05 18_frequency 155 8 355 -7.01107788667e-09 3.55923861456e-11 40.0 close 850 -1 -1 2086478.849183025 12925.107896002904
2017 05 18_frequency 156 8 355 -5.94685601333e-08 1.1377604668e-11 40.0 close 7300 -1 -1 2060690.096012747 7326.065969158181
2017 05 18_frequency 157 8 355 -6.2675705e-08 1.8824224455e-11 40.0 close 7700 -1 -1 2059001.3110139747 7335.567784324259
2017 05 18_frequency 158 8 355 -5.86548704e-08 1.22016372606e-11 40.0 close 7200 -1 -1 2060723.4048228273 7328.117317081446
2017 05 18_frequency 159 8 355 -9.8673809e-09 2.64476305247e-11 40.0 close 1200 -1 -1 2080026.0192816043 9252.388916964992
2017 05 18_frequency 16 8 355 -8.59557075333e-08 2.36669630198e-11 40.0 close 10600 -1 -1 2051242.3519314711 7303.780037214509
2017 05 18_frequency 160 8 355 -2.65935672667e-08 4.78450316427e-12 40.0 close 3250 -1 -1 2069861.8362245024 7357.4398056478185
2017 05 18_frequency 161 8 355 -7.51962509333e-08 2.15689599918e-11 40.0 close 9250 -1 -1 2056376.2353970676 7323.926113943522
2017 05 18_frequency 162 8 355 -7.15414762e-08 1.92856745339e-11 40.0 close 8800 -1 -1 2056474.5801697117 7321.502893314296
2017 05 18_frequency 163 8 355 -5.33949075333e-08 7.36991035103e-12 40.0 close 6550 -1 -1 2062085.456773307 7325.9344396305205
2017 05 18_frequency 164 8 355 -2.07071323333e-09 4.26376319895e-11 40.0 close 250 -1 -1 2095212.473071377 43778.57818218369
2017 05 18_frequency 165 8 355 -8.44916910667e-08 2.51281781843e-11 40.0 close 10400 -1 -1 2055080.241106164 7321.091535165763
2017 05 18_frequency 166 8 355 -9.17665618667e-08 2.55114170621e-11 40.0 close 11300 -1 -1 2054253.9832958346 7314.92871009257
2017 05 18_frequency 167 8 355 -6.86311931333e-08 1.65856437574e-11 40.0 close 8450 -1 -1 2054532.2399053676 7310.469508767013
2017 05 18_frequency 168 8 355 -6.50462197333e-08 1.50387589003e-11 40.0 close 8000 -1 -1 2056743.7936013886 7316.908743849867
2017 05 18_frequency 169 8 355 -5.01340872667e-08 3.00434771549e-12 40.0 close 6150 -1 -1 2062082.8838161603 7321.4371575540845
2017 05 18_frequency 17 8 355 -9.03821232e-08 2.42282402531e-11 40.0 close 11150 -1 -1 2050481.2031886135 7299.931544335214
2017 05 18_frequency 170 8 355 -3.91601785333e-08 3.73343869851e-12 40.0 close 4800 -1 -1 2063723.6743586366 7328.860501524321
2017 05 18_frequency 171 8 355 -5.77754842e-09 1.09669499639e-11 40.0 close 700 -1 -1 2087822.984735376 8404.79540126148
2017 05 18_frequency 172 8 355 -5.42233798667e-08 9.97486481022e-12 40.0 close 6650 -1 -1 2062590.7221686193 7332.021424980069
2017 05 18_frequency 173 8 355 -1.67954498667e-08 2.3072715979e-11 40.0 close 2050 -1 -1 2072458.7751167922 7888.880034229055
2017 05 18_frequency 174 8 355 -4.07862714667e-08 9.69226202608e-12 40.0 close 5000 -1 -1 2063441.3141234396 7341.61011522553
2017 05 18_frequency 175 8 355 -9.86447322667e-08 2.69102725156e-11 40.0 close 12150 -1 -1 2053741.3205044894 7312.2766189025215
2017 05 18_frequency 176 8 355 -8.97391023333e-08 2.53794459203e-11 40.0 close 11050 -1 -1 2054317.4891299708 7315.932971111584
2017 05 18_frequency 177 8 355 -6.78429253333e-08 1.64325421716e-11 40.0 close 8350 -1 -1 2055257.3554512602 7313.126651736583
2017 05 18_frequency 178 8 355 -6.18865514667e-09 1.50748777425e-11 40.0 close 750 -1 -1 2087291.6709940103 8986.52536147959
2017 05 18_frequency 179 8 355 -8.65078176667e-08 2.44614560051e-11 40.0 close 10650 -1 -1 2054725.7755552183 7317.379174752175
2017 05 18_frequency 18 8 355 -6.98106016e-08 1.93994721605e-11 40.0 close 8600 -1 -1 2053388.1429284725 7311.826939354185
2017 05 18_frequency 180 8 355 -1.76185979333e-08 8.83869954964e-12 40.0 close 2150 -1 -1 2072912.6672509476 7431.954644358686
2017 05 18_frequency 181 8 355 -8.12252274667e-08 2.01597615788e-11 40.0 close 10000 -1 -1 2054655.6975758723 7311.832640374321
2017 05 18_frequency 182 8 355 -9.45958008e-09 1.81623983205e-11 40.0 close 1150 -1 -1 2080760.707975803 8397.848615714547
2017 05 18_frequency 183 8 355 -3.87688244e-08 2.24321123392e-12 40.0 close 4750 -1 -1 2064605.799173089 7330.324062579173
2017 05 18_frequency 184 8 355 -3.7544499e-08 1.06630153178e-11 40.0 close 4600 -1 -1 2064603.2291910364 7352.759605598965
2017 05 18_frequency 185 8 355 -7.96295046667e-08 1.96877434856e-11 40.0 close 9800 -1 -1 2055398.6127541263 7314.339931294525
2017 05 18_frequency 186 8 355 -5.74557222667e-08 8.4744356073e-12 40.0 close 7050 -1 -1 2061542.497813621 7324.789824426654
2017 05 18_frequency 187 8 355 -9.29919176667e-08 2.39907772673e-11 40.0 close 11450 -1 -1 2054413.3930812655 7312.400917830108
2017 05 18_frequency 188 8 355 -7.23521675333e-08 1.91760391091e-11 40.0 close 8900 -1 -1 2056409.7778557267 7320.571830025165
2017 05 18_frequency 189 8 355 -5.82479971333e-08 2.08915623691e-12 40.0 close 7150 -1 -1 2060739.4038636493 7315.998248618566
2017 05 18_frequency 19 8 355 -7.81063897333e-09 3.38065856549e-11 40.0 close 950 -1 -1 2079749.7434026476 11642.225790518347
2017 05 18_frequency 190 8 355 -5.36830458667e-09 2.77326452159e-11 40.0 close 650 -1 -1 2089161.0135904925 13095.227976011029
2017 05 18_frequency 191 8 355 -2.41603798e-08 1.45503500288e-11 40.0 close 2950 -1 -1 2071714.2899392552 7459.665564687758
2017 05 18_frequency 192 8 355 -3.67358778e-08 9.65687187931e-12 40.0 close 4500 -1 -1 2065028.3985057462 7350.921659976488
2017 05 18_frequency 193 8 355 -9.46095324667e-08 2.57553840827e-11 40.0 close 11650 -1 -1 2054267.9548738885 7314.06179626187
2017 05 18_frequency 194 8 355 -3.06545881333e-08 1.3387218401e-11 40.0 close 3750 -1 -1 2067818.1275884495 7396.09062371637
2017 05 18_frequency 195 8 355 -4.54419475333e-09 4.14349178626e-11 40.0 close 550 -1 -1 2089981.1396541956 20450.25312377351
2017 05 18_frequency 196 8 355 -4.89378378e-08 7.07818176935e-12 40.0 close 6000 -1 -1 2063201.5117888644 7330.441916505456
2017 05 18_frequency 197 8 355 -1.02740616e-08 2.97631312663e-11 40.0 close 1250 -1 -1 2079123.4311866798 9526.525330951014
2017 05 18_frequency 198 8 355 -3.55153803333e-08 5.97383075496e-12 40.0 close 4350 -1 -1 2065262.852222761 7339.90832281958
2017 05 18_frequency 199 8 355 -9.21867740667e-08 1.2638006599e-11 40.0 close 11350 -1 -1 2054569.689507851 7299.158913163237
2017 05 18_frequency 20 8 355 -9.52709903333e-08 2.74755418853e-11 40.0 close 11750 -1 -1 2051024.9036906164 7305.125024408988
2017 05 18_frequency 200 8 355 -8.5295117e-08 2.33577736596e-11 40.0 close 10500 -1 -1 2054863.5604891286 7316.437418475965
2017 05 18_frequency 201 8 355 -7.39529379333e-08 1.9735658837e-11 40.0 close 9100 -1 -1 2055711.4751217556 7318.367044823006
2017 05 18_frequency 202 8 355 -1.59918074667e-08 2.01388483347e-11 40.0 close 1950 -1 -1 2074488.643288099 7814.076914736713
2017 05 18_frequency 203 8 355 -1.01459242e-07 2.78125685497e-11 40.0 close 12500 -1 -1 2053192.7446555283 7310.532477844891
2017 05 18_frequency 204 8 355 -2.74068723333e-08 1.40881793674e-11 40.0 close 3350 -1 -1 2069487.4177450966 7423.299332086483
2017 05 18_frequency 205 8 355 -8.63586135333e-09 2.40014039879e-11 40.0 close 1050 -1 -1 2080484.4910868867 9379.928525801262
2017 05 18_frequency 206 8 355 -7.84315564e-08 2.3772010917e-11 40.0 close 9650 -1 -1 2055945.7010879815 7325.160274746176
2017 05 18_frequency 207 8 355 -3.42691571333e-08 8.33579353045e-12 40.0 close 4200 -1 -1 2063964.641782901 7344.254436606035
2017 05 18_frequency 208 8 355 -1.96614972667e-08 1.94201657012e-11 40.0 close 2400 -1 -1 2072304.0038299395 7636.124485047267
2017 05 18_frequency 209 8 355 -3.836376e-08 5.15755691518e-12 40.0 close 4700 -1 -1 2064768.794885383 7335.183380487483
2017 05 18_frequency 21 8 355 -6.05613756e-08 1.14968053232e-11 40.0 close 7450 -1 -1 2056305.224943629 7310.31349256867
2017 05 18_frequency 210 8 355 -6.54534807333e-08 1.25797379992e-11 40.0 close 8050 -1 -1 2056766.4852277138 7312.2136996806175
2017 05 18_frequency 211 8 355 -1.19195384667e-08 4.49011042725e-12 40.0 close 1450 -1 -1 2079407.269179742 7423.339547918359
2017 05 18_frequency 212 8 355 -2.86364034667e-08 8.76366620288e-12 40.0 close 3500 -1 -1 2069657.820641235 7374.535500127931
2017 05 18_frequency 213 8 355 -3.95686524667e-08 5.76891889776e-12 40.0 close 4850 -1 -1 2063752.6423071513 7332.4978139297455
2017 05 18_frequency 214 8 355 -9.82557594667e-08 2.52719195363e-11 40.0 close 12100 -1 -1 2054096.1429897011 7311.155415149745
2017 05 18_frequency 215 8 355 -9.70248403333e-08 2.53893130383e-11 40.0 close 11950 -1 -1 2053823.6570639594 7310.855158005677
2017 05 18_frequency 216 8 355 -6.60537351333e-09 3.33117395624e-11 40.0 close 800 -1 -1 2088601.1567871994 12881.037327773674
2017 05 18_frequency 217 8 355 -5.21769169333e-08 6.02282380579e-12 40.0 close 6400 -1 -1 2062274.919892096 7324.945127979425
2017 05 18_frequency 218 8 355 -4.81349295333e-08 8.13922202152e-12 40.0 close 5900 -1 -1 2063746.973037168 7334.607853075815
2017 05 18_frequency 219 8 355 -4.97448002667e-08 1.59076918362e-12 40.0 close 6100 -1 -1 2062842.0560928225 7323.386409474705
2017 05 18_frequency 22 8 355 -9.88816616667e-08 2.77610511428e-11 40.0 close 12200 -1 -1 2050236.9008299753 7301.066240386477
2017 05 18_frequency 220 8 355 -4.14123251333e-10 3.21182303193e-11 40.0 close 50 -1 -1 2095114.34904588 162661.28614866093
2017 05 18_frequency 221 8 355 -9.05251161333e-09 1.88650847436e-12 40.0 close 1100 -1 -1 2081730.5997389248 7402.866111171009
2017 05 18_frequency 222 8 355 -1.07083496667e-08 2.44606048553e-11 40.0 close 1300 -1 -1 2083662.1956133805 8795.997376824069
2017 05 18_frequency 223 8 355 -6.22790501333e-08 1.16710367998e-11 40.0 close 7650 -1 -1 2059342.8943738546 7320.84622536038
2017 05 18_frequency 224 8 355 -8.48937846e-08 2.33443932064e-11 40.0 close 10450 -1 -1 2054980.5946059804 7317.034196952628
2017 05 18_frequency 225 8 355 -1.51770326e-08 7.67217096003e-12 40.0 close 1850 -1 -1 2075215.7704092162 7441.332051466379
2017 05 18_frequency 226 8 355 -2.53686678667e-08 1.55210546285e-11 40.0 close 3100 -1 -1 2070065.509078699 7457.071182426422
2017 05 18_frequency 227 8 355 -6.91377355333e-08 1.58623932846e-11 40.0 close 8500 -1 -1 2057521.328423804 7319.439149722136
2017 05 18_frequency 228 8 355 -7.59952414e-08 1.8629671961e-11 40.0 close 9350 -1 -1 2055999.0448198 7316.178033702758
2017 05 18_frequency 229 8 355 -1.23291371333e-08 1.83572863767e-11 40.0 close 1500 -1 -1 2079167.8190961496 8003.9665690205275
2017 05 18_frequency 23 8 355 -6.73432003333e-08 1.18371764323e-11 40.0 close 8300 -1 -1 2052408.3817229702 7294.975577355153
2017 05 18_frequency 230 8 355 -4.44558268667e-08 2.51073140384e-12 40.0 close 5450 -1 -1 2063385.1977734708 7325.944362185326
2017 05 18_frequency 231 8 355 -3.02472818e-08 9.98121609625e-12 40.0 close 3700 -1 -1 2067915.3118301814 7372.7464271428535
2017 05 18_frequency 232 8 355 -4.56714571333e-08 8.09142775507e-12 40.0 close 5600 -1 -1 2063027.2352884102 7332.861273171969
2017 05 18_frequency 233 8 355 -2.48565508e-09 3.21110702221e-11 40.0 close 300 -1 -1 2095886.3527238509 28079.523209571045
2017 05 18_frequency 234 8 355 -6.38808583333e-08 1.67224196581e-11 40.0 close 7850 -1 -1 2058492.1098451042 7327.487756101824
2017 05 18_frequency 235 8 355 -7.72127233333e-08 2.36069213485e-11 40.0 close 9500 -1 -1 2055953.9634103337 7325.654552405758
2017 05 18_frequency 236 8 355 -5.62403890667e-08 1.06191042527e-11 40.0 close 6900 -1 -1 2061803.8500228596 7329.749401666863
2017 05 18_frequency 237 8 355 -8.20581647333e-08 2.03059798318e-11 40.0 close 10100 -1 -1 2055173.7600110355 7313.570705248369
2017 05 18_frequency 238 8 355 -2.57784965333e-08 1.14098300301e-11 40.0 close 3150 -1 -1 2070118.2370722543 7405.818393555418
2017 05 18_frequency 239 8 355 -5.13754214e-08 7.55509347218e-12 40.0 close 6300 -1 -1 2062827.7649945144 7329.318965927274
2017 05 18_frequency 24 8 355 -8.21556872e-09 3.03772920689e-11 40.0 close 1000 -1 -1 2078192.4047297372 10652.476612204688
2017 05 18_frequency 240 8 355 -1.66041751333e-09 4.65004079556e-11 40.0 close 200 -1 -1 2100078.0241070413 59283.85019103321
2017 05 18_frequency 241 8 355 -9.13769661333e-08 2.55503611921e-11 40.0 close 11250 -1 -1 2054623.8863475565 7316.505127081874
2017 05 18_frequency 242 8 355 -8.32515361333e-08 2.31546809893e-11 40.0 close 10250 -1 -1 2054549.0352538007 7315.99952887441
2017 05 18_frequency 243 8 355 -4.28321784667e-08 9.89060063809e-12 40.0 close 5250 -1 -1 2063759.0015285152 7341.827165602919
2017 05 18_frequency 244 8 355 -5.78691308667e-08 1.15003795263e-11 40.0 close 7100 -1 -1 2061753.4578014938 7330.684361988469
2017 05 18_frequency 245 8 355 -6.70754434e-08 1.96033490958e-11 40.0 close 8250 -1 -1 2056637.37654456 7325.762792456124
2017 05 18_frequency 246 8 355 -8.77431513333e-08 2.47923204418e-11 40.0 close 10800 -1 -1 2055121.9285783588 7318.755680818004
2017 05 18_frequency 247 8 355 -3.79523498667e-08 8.82665478247e-12 40.0 close 4650 -1 -1 2064590.0909567662 7345.00659541049
2017 05 18_frequency 248 8 355 -2.98562005333e-08 9.76212420782e-12 40.0 close 3650 -1 -1 2069139.612784761 7376.536496066068
2017 05 18_frequency 249 8 355 -4.61020868667e-08 6.81069199976e-12 40.0 close 5650 -1 -1 2064050.2086530821 7333.720081295302
2017 05 18_frequency 25 8 355 -5.29127264e-08 4.88150977738e-12 40.0 close 6500 -1 -1 2059182.807774162 7312.5670024913115
2017 05 18_frequency 26 8 355 -7.78978045333e-08 2.58382124146e-11 40.0 close 9600 -1 -1 2052589.5107861971 7318.430319437491
2017 05 18_frequency 27 8 355 -7.74957739333e-08 2.25144802263e-11 40.0 close 9550 -1 -1 2052687.174543441 7311.40112982799
2017 05 18_frequency 28 8 355 -3.34177944667e-08 3.25677131255e-12 40.0 close 4100 -1 -1 2061778.6941472841 7322.071898104421
2017 05 18_frequency 29 8 355 -6.45890653333e-08 1.9935460756e-11 40.0 close 7950 -1 -1 2055133.2786831988 7323.246266822364
2017 05 18_frequency 30 8 355 -8.24616106667e-10 4.51308698957e-11 40.0 close 100 -1 -1 2085930.9782429356 114401.97762204283
2017 05 18_frequency 31 8 355 -3.58726961333e-08 2.2477828444e-12 40.0 close 4400 -1 -1 2062336.1898222545 7322.433849581521
2017 05 18_frequency 32 8 355 -8.15353069333e-08 2.20579937724e-11 40.0 close 10050 -1 -1 2052238.2093125633 7306.569871452958
2017 05 18_frequency 33 8 355 -3.99235992e-08 1.02346182811e-11 40.0 close 4900 -1 -1 2061017.728423663 7335.665008674506
2017 05 18_frequency 34 8 355 -3.18169397333e-08 1.13806193122e-11 40.0 close 3900 -1 -1 2063677.9262867463 7363.15036506681
2017 05 18_frequency 35 8 355 -3.71881617333e-09 3.56334476335e-11 40.0 close 450 -1 -1 2090452.5675302953 21361.105330963503
2017 05 18_frequency 36 8 355 -9.08381388e-08 2.56823300324e-11 40.0 close 11200 -1 -1 2051626.6187910882 7306.33587962576
2017 05 18_frequency 37 8 355 -4.39907382667e-08 3.95162426464e-12 40.0 close 5400 -1 -1 2060703.9864075547 7317.840772440045
2017 05 18_frequency 38 8 355 -2.33079847333e-08 3.36793244126e-12 40.0 close 2850 -1 -1 2068749.8779478518 7350.143236935834
2017 05 18_frequency 39 8 355 -4.48149178e-08 6.7361420086e-12 40.0 close 5500 -1 -1 2061142.5799591234 7323.612060532196
2017 05 18_frequency 40 8 355 -1.55673602667e-08 1.67572064476e-11 40.0 close 1900 -1 -1 2072571.375445521 7688.43142569203
2017 05 18_frequency 41 8 355 -9.97138294667e-08 2.83378406796e-11 40.0 close 12300 -1 -1 2050682.4022666612 7303.212482021953
2017 05 18_frequency 42 8 355 -5.4933889e-08 5.93653307916e-12 40.0 close 6750 -1 -1 2058660.318267254 7311.629536630166
2017 05 18_frequency 43 8 355 -4.52178409333e-08 8.39676670683e-12 40.0 close 5550 -1 -1 2060938.1531020224 7326.33307723983
2017 05 18_frequency 44 8 355 -5.6981562e-08 1.35779520302e-11 40.0 close 7000 -1 -1 2059133.1513189445 7326.371613968177
2017 05 18_frequency 45 8 355 -4.35964724e-08 6.45576855017e-12 40.0 close 5350 -1 -1 2061321.2878504784 7324.054008948319
2017 05 18_frequency 46 8 355 -9.65158126e-08 2.71100645623e-11 40.0 close 11900 -1 -1 2051632.7859666632 7306.059275489413
2017 05 18_frequency 47 8 355 -4.31802562667e-08 9.49499408788e-12 40.0 close 5300 -1 -1 2060902.5965424185 7330.225964299798
2017 05 18_frequency 48 8 355 -4.72557258667e-08 4.18810381703e-12 40.0 close 5800 -1 -1 2060983.740102525 7318.771960903057
2017 05 18_frequency 49 8 355 -9.49184578e-08 2.68238884546e-11 40.0 close 11700 -1 -1 2052168.0987232977 7308.243532857118
2017 05 18_frequency 50 8 355 -7.42833405333e-08 1.42657534811e-11 40.0 close 9150 -1 -1 2053612.2783702456 7300.983393903827
2017 05 18_frequency 51 8 355 -8.8831207e-08 2.28406959249e-11 40.0 close 10950 -1 -1 2052104.933782824 7304.056114291342
2017 05 18_frequency 52 8 355 -2.49375642667e-08 1.66352523815e-11 40.0 close 3050 -1 -1 2068246.5733128148 7470.777598267436
2017 05 18_frequency 53 8 355 -1.24364001333e-09 4.54832553026e-11 40.0 close 150 -1 -1 2097256.4959734115 77062.79991424322
2017 05 18_frequency 54 8 355 -4.64617976667e-08 3.11373953453e-12 40.0 close 5700 -1 -1 2061907.9545495906 7321.077440405653
2017 05 18_frequency 55 8 355 -1.84185439333e-08 1.12699558648e-11 40.0 close 2250 -1 -1 2070717.7048258926 7459.442093402369
2017 05 18_frequency 56 8 355 -3.26278024667e-08 8.99114348951e-12 40.0 close 4000 -1 -1 2063364.496734382 7346.979268588217
2017 05 18_frequency 57 8 355 -1.43598042667e-08 8.49292225693e-12 40.0 close 1750 -1 -1 2075671.35572824 7470.196143704641
2017 05 18_frequency 58 8 355 -1.149758e-08 1.44061409128e-11 40.0 close 1400 -1 -1 2077430.6027221284 7820.757219240879
2017 05 18_frequency 59 8 355 -6.30253994667e-08 1.45245232985e-11 40.0 close 7750 -1 -1 2057131.36089702 7318.187942949637
2017 05 18_frequency 60 8 355 -2.12712697333e-08 9.58054737105e-12 40.0 close 2600 -1 -1 2069513.1358010236 7405.665005629939
2017 05 18_frequency 61 8 355 -3.14325836e-08 1.27444904844e-11 40.0 close 3850 -1 -1 2065225.4598797532 7379.2137262095175
2017 05 18_frequency 62 8 355 -6.81907930667e-08 1.38026982361e-11 40.0 close 8400 -1 -1 2053499.3790092426 7301.7630267516315
2017 05 18_frequency 63 8 355 -3.30275966667e-08 7.63290706233e-12 40.0 close 4050 -1 -1 2062861.4959784094 7338.659974426306
2017 05 18_frequency 64 8 355 -7.19138280667e-08 1.77742664432e-11 40.0 close 8850 -1 -1 2055498.9405977393 7314.6853640988975
2017 05 18_frequency 65 8 355 -8.68488611333e-08 2.4980148079e-11 40.0 close 10700 -1 -1 2053186.8339838586 7312.698021336121
2017 05 18_frequency 66 8 355 -1.00144925333e-07 2.72387082089e-11 40.0 close 12350 -1 -1 2051209.9288356171 7303.1370413594705
2017 05 18_frequency 67 8 355 -7.06712463333e-08 1.78954441285e-11 40.0 close 8700 -1 -1 2054809.7528832906 7313.108290137696
2017 05 18_frequency 68 8 355 -2.04510448667e-08 1.38032569459e-11 40.0 close 2500 -1 -1 2069300.7415200842 7477.608249267143
2017 05 18_frequency 69 8 355 -5.98153216667e-08 1.08854070153e-11 40.0 close 7350 -1 -1 2058605.9516469773 7317.647217976551
2017 05 18_frequency 70 8 355 -6.34199842667e-08 1.27838592685e-11 40.0 close 7800 -1 -1 2056741.2000290926 7313.19223617373
2017 05 18_frequency 71 8 355 -4.12753706667e-09 3.92084343587e-11 40.0 close 500 -1 -1 2088185.6082129036 21176.088207510355
2017 05 18_frequency 72 8 355 -6.42480231333e-08 1.27163136239e-11 40.0 close 7900 -1 -1 2057220.28759033 7314.473985021464
2017 05 18_frequency 73 8 355 -5.45836169333e-08 8.89944507234e-12 40.0 close 6700 -1 -1 2060798.9683163029 7323.548029524798
2017 05 18_frequency 74 8 355 -2.45446836e-08 1.62273706755e-11 40.0 close 3000 -1 -1 2069589.936394752 7473.369394120593
2017 05 18_frequency 75 8 355 -5.66115902667e-08 1.23612610439e-11 40.0 close 6950 -1 -1 2060481.2681736841 7328.531905838187
2017 05 18_frequency 76 8 355 -6.18284134667e-08 1.14081265764e-11 40.0 close 7600 -1 -1 2057892.2460991032 7315.378536588021
2017 05 18_frequency 77 8 355 -2.00530013333e-08 1.5891568694e-11 40.0 close 2450 -1 -1 2070434.1334052193 7530.952467734122
2017 05 18_frequency 78 8 355 -8.84920076667e-08 1.68075313839e-11 40.0 close 10900 -1 -1 2053646.412743906 7300.871699375238
2017 05 18_frequency 79 8 355 -1.00586046e-07 2.69183521784e-11 40.0 close 12400 -1 -1 2051937.7053349488 7305.047479470386
2017 05 18_frequency 80 8 355 -3.10390306e-08 1.32668002789e-11 40.0 close 3800 -1 -1 2066201.5024071431 7387.9896025585895
2017 05 18_frequency 81 8 355 -6.02369512e-08 1.4742112102e-11 40.0 close 7400 -1 -1 2059109.220922579 7327.187730790898
2017 05 18_frequency 82 8 355 -6.6639829e-08 1.65655100233e-11 40.0 close 8200 -1 -1 2055739.7908280655 7315.746081633804
2017 05 18_frequency 83 8 355 -2.08681071333e-08 1.29924251607e-12 40.0 close 2550 -1 -1 2070098.4384963638 7349.979548115026
2017 05 18_frequency 84 8 355 -1.8834803e-08 1.82147111515e-11 40.0 close 2300 -1 -1 2071482.967183929 7621.7452421901335
2017 05 18_frequency 85 8 355 -8.4037623e-08 2.12471725727e-11 40.0 close 10350 -1 -1 2053910.573563966 7309.85089430083
2017 05 18_frequency 86 8 355 -4.85039513333e-08 7.5135369094e-12 40.0 close 5950 -1 -1 2062093.1249213715 7327.396504978415
2017 05 18_frequency 87 8 355 -8.28077266667e-08 2.05605248204e-11 40.0 close 10200 -1 -1 2053613.973864309 7308.139322636011
2017 05 18_frequency 88 8 355 -7.63423376667e-08 2.07297856691e-11 40.0 close 9400 -1 -1 2054403.3815090745 7314.435567786793
2017 05 18_frequency 89 8 355 -3.38401143333e-08 2.47042220863e-12 40.0 close 4150 -1 -1 2062679.9425148475 7324.061921955934
2017 05 18_frequency 90 8 355 -6.14396584667e-08 1.4554768233e-11 40.0 close 7550 -1 -1 2058495.6888229903 7323.912261339201
2017 05 18_frequency 91 8 355 -9.61793117333e-08 2.71055351972e-11 40.0 close 11850 -1 -1 2053106.297488208 7311.458360772036
2017 05 18_frequency 92 8 355 -5.90223228e-08 1.20389126929e-11 40.0 close 7250 -1 -1 2059332.2034585823 7322.686676136998
2017 05 18_frequency 93 8 355 -9.33606966e-08 2.44841106252e-11 40.0 close 11500 -1 -1 2053592.9450531183 7310.120715475073
2017 05 18_frequency 94 8 355 -1.10910832667e-08 2.41462546853e-11 40.0 close 1350 -1 -1 2078204.6768756201 8654.470823054837
2017 05 18_frequency 95 8 355 -2.16883409333e-08 1.54270282879e-11 40.0 close 2650 -1 -1 2070277.5763100467 7495.564262393876
2017 05 18_frequency 96 8 355 -5.17364954667e-08 7.33023024528e-12 40.0 close 6350 -1 -1 2060968.7292108994 7322.263794220673
2017 05 18_frequency 97 8 355 -3.50948877333e-08 7.92400548096e-12 40.0 close 4300 -1 -1 2064541.0495635702 7343.92981862444
2017 05 18_frequency 98 8 355 -4.68986326e-08 4.86858424733e-12 40.0 close 5750 -1 -1 2063195.8532322731 7327.476215851679
2017 05 18_frequency 99 8 355 -1.71872794e-08 2.23394866617e-11 40.0 close 2100 -1 -1 2070312.7790425245 7826.7403137757365
