# File Name UVLED ID Average Current (A) Current Standard Deviation (A) UVLED Current Amplitude (mA) UVLED Displacement (m) UVLED Pulse Frequency (Hz) Background Corrected Current (A) Corrected Current Standard Deviation (A) Flux (photons/mm^2) Flux Error
2017 05 18_frequency 00 8 355 -3.24844818157e-07 2.66128232272e-08 40.0 close 43750 -1 -1 1878218.0357955163 154016.8964918483
2017 05 18_frequency 01 8 355 -3.50554719333e-07 1.62872199263e-10 40.0 close 47000 -1 -1 1886714.037879973 6754.954035012117
2017 05 18_frequency 02 8 355 -1.3642421e-07 5.54346014086e-11 40.0 close 18000 -1 -1 1917198.4226664621 6850.494204430181
2017 05 18_frequency 03 8 355 -7.05431556e-08 1.70667994063e-11 40.0 close 9250 -1 -1 1929129.0050408302 6864.293213411344
2017 05 18_frequency 04 8 355 -3.19756149333e-07 1.65328068497e-10 40.0 close 42750 -1 -1 1892042.5839037136 6787.6179831404115
2017 05 18_frequency 05 8 355 -3.63496428667e-08 1.17164322406e-11 40.0 close 4750 -1 -1 1935774.0303432967 6900.265767620789
2017 05 18_frequency 06 8 355 -4.96997064667e-08 6.97449899148e-12 40.0 close 6500 -1 -1 1934143.0326986697 6871.570411224203
2017 05 18_frequency 07 8 355 -1.34801606e-08 2.38001763363e-11 40.0 close 1750 -1 -1 1948521.2129891047 7725.521672374378
2017 05 18_frequency 08 8 355 -8.1960287e-08 2.46519756544e-11 40.0 close 10750 -1 -1 1928604.282554295 6871.075566383132
2017 05 18_frequency 09 8 355 -3.44700264e-08 4.04405411767e-12 40.0 close 4500 -1 -1 1937658.433011305 6882.442792434258
2017 05 18_frequency 10 8 355 -1.44069114667e-07 5.15338055865e-11 40.0 close 19000 -1 -1 1918074.2144403337 6843.642215024483
2017 05 18_frequency 100 8 355 -1.53275987333e-07 6.19408581328e-11 40.0 close 20250 -1 -1 1914684.4726132618 6841.027895684224
2017 05 18_frequency 101 8 355 -2.95804844667e-07 1.32033160752e-10 40.0 close 39500 -1 -1 1894332.9239995005 6777.829580571097
2017 05 18_frequency 102 8 355 -6.85931851333e-08 2.63197691413e-11 40.0 close 9000 -1 -1 1927909.222904518 6883.940516042866
2017 05 18_frequency 103 8 355 -2.70141060667e-07 1.26686890612e-10 40.0 close 36000 -1 -1 1898174.8745630174 6797.0641539152175
2017 05 18_frequency 104 8 355 -2.66460256e-07 1.18065863246e-10 40.0 close 35500 -1 -1 1898681.891180093 6792.620034430794
2017 05 18_frequency 105 8 355 -3.39600502667e-07 1.53032237539e-10 40.0 close 45500 -1 -1 1888013.2954807575 6756.22919956616
2017 05 18_frequency 106 8 355 -2.36818450667e-07 1.00103249196e-10 40.0 close 31500 -1 -1 1901748.5871127914 6798.897648386493
2017 05 18_frequency 107 8 355 -1.96163843333e-07 7.37951908249e-11 40.0 close 26000 -1 -1 1908506.8998552759 6813.1344390948425
2017 05 18_frequency 108 8 355 -2.07357419333e-07 8.62886216498e-11 40.0 close 27500 -1 -1 1907370.2563287327 6817.526211757805
2017 05 18_frequency 109 8 355 -3.52331444e-07 1.71952190441e-10 40.0 close 47250 -1 -1 1886243.305607377 6759.145432063501
2017 05 18_frequency 11 8 355 -3.8759132e-09 3.96277947298e-11 40.0 close 500 -1 -1 1960885.1555274266 21222.457496958737
2017 05 18_frequency 110 8 355 -2.49605181333e-07 1.07428231166e-10 40.0 close 33250 -1 -1 1898934.8597903773 6790.580920969254
2017 05 18_frequency 111 8 355 -1.53683582e-08 1.50598139019e-11 40.0 close 2000 -1 -1 1943773.2415684776 7158.457907261094
2017 05 18_frequency 112 8 355 -2.11179182667e-08 1.519478269e-11 40.0 close 2750 -1 -1 1942524.6179785223 7036.179804098614
2017 05 18_frequency 113 8 355 -1.58993529333e-07 6.40574300105e-11 40.0 close 21000 -1 -1 1915174.1698176058 6842.513685244573
2017 05 18_frequency 114 8 355 -2.18524398e-07 9.4835393161e-11 40.0 close 29000 -1 -1 1906119.19649323 6817.098624218053
2017 05 18_frequency 115 8 355 -2.09180562e-07 9.00016123337e-11 40.0 close 27750 -1 -1 1906805.774955256 6818.696380982447
2017 05 18_frequency 116 8 355 -1.17620879333e-07 3.49968575669e-11 40.0 close 15500 -1 -1 1919556.2552526216 6838.3177262044055
2017 05 18_frequency 117 8 355 -7.61946560667e-08 2.21694042589e-11 40.0 close 10000 -1 -1 1927403.4569673778 6865.225039547959
2017 05 18_frequency 118 8 355 -3.34167643333e-07 1.76909627557e-10 40.0 close 44750 -1 -1 1888945.7130051984 6779.912305779765
2017 05 18_frequency 119 8 355 -9.50483234667e-08 3.29875486002e-11 40.0 close 12500 -1 -1 1923457.3833451292 6860.827486602484
2017 05 18_frequency 12 8 355 -1.55314056667e-07 6.46781245004e-11 40.0 close 20500 -1 -1 1916483.2272620443 6850.165666353731
2017 05 18_frequency 120 8 355 -1.40209839333e-07 4.75512213606e-11 40.0 close 18500 -1 -1 1917144.6581091483 6836.850239265707
2017 05 18_frequency 121 8 355 -2.53303568e-07 1.08820765371e-10 40.0 close 33750 -1 -1 1898522.0722935202 6788.925241912543
2017 05 18_frequency 122 8 355 -1.68230193333e-07 6.83183017614e-11 40.0 close 22250 -1 -1 1912590.742171296 6833.977995635711
2017 05 18_frequency 123 8 355 -2.03652093333e-07 8.22566023017e-11 40.0 close 27000 -1 -1 1907977.4384656542 6817.019755391794
2017 05 18_frequency 124 8 355 -3.55852064667e-07 1.70489939151e-10 40.0 close 47750 -1 -1 1885142.7170866097 6752.927518847924
2017 05 18_frequency 125 8 355 -1.41999962667e-07 5.73260877747e-11 40.0 close 18750 -1 -1 1915733.4337220215 6844.687330699139
2017 05 18_frequency 126 8 355 -1.04517449333e-07 3.1656564873e-11 40.0 close 13750 -1 -1 1922800.493624617 6850.740950982929
2017 05 18_frequency 127 8 355 -3.68575376667e-07 2.03311002954e-10 40.0 close 49500 -1 -1 1883515.6785246136 6766.719014552908
2017 05 18_frequency 128 8 355 -1.88683004667e-07 8.29219917245e-11 40.0 close 25000 -1 -1 1909153.7083535949 6829.232749821605
2017 05 18_frequency 129 8 355 -2.51492262e-07 1.00605818699e-10 40.0 close 33500 -1 -1 1899013.0122833531 6784.163416096347
2017 05 18_frequency 13 8 355 -2.72098258e-07 1.26560184508e-10 40.0 close 36250 -1 -1 1898741.6239212526 6798.142812824796
2017 05 18_frequency 130 8 355 -5.72414223333e-08 2.28759850911e-11 40.0 close 7500 -1 -1 1930622.1019026616 6897.000519909401
2017 05 18_frequency 131 8 355 -1.08307452667e-07 3.16423106966e-11 40.0 close 14250 -1 -1 1922611.7748874624 6848.345619191324
2017 05 18_frequency 132 8 355 -1.75803664667e-07 7.19651870807e-11 40.0 close 23250 -1 -1 1912727.4347976195 6835.175639009607
2017 05 18_frequency 133 8 355 -1.19533926e-07 4.1299731121e-11 40.0 close 15750 -1 -1 1919812.195732956 6847.53565261474
2017 05 18_frequency 134 8 355 -2.77465412e-07 1.2597885956e-10 40.0 close 37000 -1 -1 1896947.2290831427 6789.0167926536715
2017 05 18_frequency 135 8 355 -2.81027396667e-07 1.24924948358e-10 40.0 close 37500 -1 -1 1895682.1166543434 6782.226714629665
2017 05 18_frequency 136 8 355 -8.94217644667e-08 3.19619388552e-11 40.0 close 11750 -1 -1 1925100.8645078866 6868.6604848739435
2017 05 18_frequency 137 8 355 -4.77749758e-08 6.6409409243e-12 40.0 close 6250 -1 -1 1933608.644319528 6869.570885942942
2017 05 18_frequency 138 8 355 -3.08607652e-07 1.55782143915e-10 40.0 close 41250 -1 -1 1892478.0802592698 6785.876792212431
2017 05 18_frequency 139 8 355 -2.64510466e-07 1.18821354888e-10 40.0 close 35250 -1 -1 1898155.8155140546 6792.187080909462
2017 05 18_frequency 14 8 355 -2.99501232e-07 1.3372773301e-10 40.0 close 40000 -1 -1 1894029.515066849 6776.779254153817
2017 05 18_frequency 140 8 355 -3.72050235333e-07 1.79143848024e-10 40.0 close 50000 -1 -1 1882260.3756321617 6743.208381523666
2017 05 18_frequency 141 8 355 -2.86455334667e-07 1.28720904278e-10 40.0 close 38250 -1 -1 1894408.3339079442 6778.812014996374
2017 05 18_frequency 142 8 355 -3.25365544e-08 1.37552244853e-11 40.0 close 4250 -1 -1 1936559.0763144868 6923.361977918749
2017 05 18_frequency 143 8 355 -1.15831418667e-07 3.85855385461e-11 40.0 close 15250 -1 -1 1921341.893521559 6850.727033754649
2017 05 18_frequency 144 8 355 -3.360242e-07 1.67074359094e-10 40.0 close 45000 -1 -1 1888887.804350151 6771.002055405211
2017 05 18_frequency 145 8 355 -2.30132569333e-08 1.72311700878e-11 40.0 close 3000 -1 -1 1940461.1495103743 7040.191524871728
2017 05 18_frequency 146 8 355 -2.27735102667e-07 9.81549991572e-11 40.0 close 30250 -1 -1 1904376.0836032727 6810.179194669354
2017 05 18_frequency 147 8 355 -2.90172908e-07 1.22674000245e-10 40.0 close 38750 -1 -1 1894232.4655788199 6772.040675985088
2017 05 18_frequency 148 8 355 -7.80456686667e-08 2.73120729511e-11 40.0 close 10250 -1 -1 1926074.4091035211 6870.7058832421535
2017 05 18_frequency 149 8 355 -1.28990902667e-07 4.05206678896e-11 40.0 close 17000 -1 -1 1919368.1378395848 6840.381746118416
2017 05 18_frequency 15 8 355 -3.17740838e-07 1.46310883929e-10 40.0 close 42500 -1 -1 1891177.2161857157 6769.921765524703
2017 05 18_frequency 150 8 355 -5.53749973333e-08 4.66255047039e-12 40.0 close 7250 -1 -1 1932074.3384043472 6860.792865116809
2017 05 18_frequency 151 8 355 -1.0078534e-07 2.77790376603e-11 40.0 close 13250 -1 -1 1924108.7187302546 6851.142864572338
2017 05 18_frequency 152 8 355 -6.1024219e-08 1.38476332394e-11 40.0 close 8000 -1 -1 1929569.2232728978 6863.950695735654
2017 05 18_frequency 153 8 355 -5.34791207333e-08 1.05038096008e-11 40.0 close 7000 -1 -1 1932566.018553972 6871.101629353711
2017 05 18_frequency 154 8 355 -2.47892207333e-07 1.11948013588e-10 40.0 close 33000 -1 -1 1900190.1184419943 6800.037404975658
2017 05 18_frequency 155 8 355 -6.48312185333e-08 1.95052035583e-11 40.0 close 8500 -1 -1 1929360.4838376811 6873.783019154116
2017 05 18_frequency 156 8 355 -1.90627522667e-07 7.79141451827e-11 40.0 close 25250 -1 -1 1909731.6338694184 6824.333403991248
2017 05 18_frequency 157 8 355 -7.23946594e-08 2.2185264606e-11 40.0 close 9500 -1 -1 1927662.7024367624 6868.652257428084
2017 05 18_frequency 158 8 355 -2.00003916667e-07 7.84089080115e-11 40.0 close 26500 -1 -1 1909153.0565813144 6818.695334123196
2017 05 18_frequency 159 8 355 -2.68203696e-07 1.23684729793e-10 40.0 close 35750 -1 -1 1897740.5294957124 6793.58461478368
2017 05 18_frequency 16 8 355 -2.16665544e-07 9.41657796867e-11 40.0 close 28750 -1 -1 1906338.9576058327 6818.031057849843
2017 05 18_frequency 160 8 355 -2.49158585333e-08 1.08738899747e-11 40.0 close 3250 -1 -1 1939280.4349127058 6936.274054935521
2017 05 18_frequency 161 8 355 -2.31440532667e-07 1.06649318483e-10 40.0 close 30750 -1 -1 1903892.4893359484 6815.521001778098
2017 05 18_frequency 162 8 355 -2.62733822667e-07 1.18242447622e-10 40.0 close 35000 -1 -1 1898873.6188957836 6794.954650506294
2017 05 18_frequency 163 8 355 -3.10290347333e-07 1.41594090129e-10 40.0 close 41500 -1 -1 1891334.2593820083 6769.480056888874
2017 05 18_frequency 164 8 355 -1.71986774667e-07 6.4697793045e-11 40.0 close 22750 -1 -1 1912325.3038088186 6826.763107512055
2017 05 18_frequency 165 8 355 -3.63145016667e-07 1.8538438065e-10 40.0 close 48750 -1 -1 1884315.364629174 6758.129830565899
2017 05 18_frequency 166 8 355 -2.0166031e-07 8.89110849857e-11 40.0 close 26750 -1 -1 1906973.96846047 6821.768237116076
2017 05 18_frequency 167 8 355 -2.05488707333e-07 7.9942221716e-11 40.0 close 27250 -1 -1 1907522.0816019482 6812.243942495853
2017 05 18_frequency 168 8 355 -3.59522145333e-07 1.80467853679e-10 40.0 close 48250 -1 -1 1884848.5050420593 6757.771965606663
2017 05 18_frequency 169 8 355 -3.21207088667e-07 1.39801894378e-10 40.0 close 43000 -1 -1 1889577.8353911 6758.228567701958
2017 05 18_frequency 17 8 355 -3.66773346e-07 1.79159503471e-10 40.0 close 49250 -1 -1 1883821.0827741672 6750.576987043067
2017 05 18_frequency 170 8 355 -1.62595866667e-07 7.02724874249e-11 40.0 close 21500 -1 -1 1913018.464537608 6841.358755427948
2017 05 18_frequency 171 8 355 -2.88333376e-07 1.30578402849e-10 40.0 close 38500 -1 -1 1894446.3383158925 6779.787522890726
2017 05 18_frequency 172 8 355 -2.57159521333e-07 1.11003453151e-10 40.0 close 34250 -1 -1 1899285.0660759613 6792.121579203395
2017 05 18_frequency 173 8 355 -4.58537976667e-08 9.86639896596e-12 40.0 close 6000 -1 -1 1933179.497096542 6875.38175245173
2017 05 18_frequency 174 8 355 -3.23211786e-07 1.72226297268e-10 40.0 close 43250 -1 -1 1890380.3653512243 6786.0280969207215
2017 05 18_frequency 175 8 355 -3.15684003333e-07 1.45133498277e-10 40.0 close 42250 -1 -1 1890053.0002744433 6765.720161787212
2017 05 18_frequency 176 8 355 -2.45868256e-07 1.05191070267e-10 40.0 close 32750 -1 -1 1899062.582564161 6790.454809929408
2017 05 18_frequency 177 8 355 -3.04755315333e-07 1.44780241164e-10 40.0 close 40750 -1 -1 1891785.0822446404 6775.705489926756
2017 05 18_frequency 178 8 355 -2.75479902e-07 1.21087651157e-10 40.0 close 36750 -1 -1 1896184.9573469427 6782.859447875624
2017 05 18_frequency 179 8 355 -2.87237772667e-08 1.0361863468e-11 40.0 close 3750 -1 -1 1937574.4690033547 6913.811591843755
2017 05 18_frequency 18 8 355 -8.37477241333e-08 3.40358342572e-11 40.0 close 11000 -1 -1 1925876.5681124926 6881.517922858281
2017 05 18_frequency 180 8 355 -2.59128088e-07 1.31308618108e-10 40.0 close 34500 -1 -1 1899955.879941823 6813.210473768715
2017 05 18_frequency 181 8 355 -1.45732296667e-07 5.38248411258e-11 40.0 close 19250 -1 -1 1915019.4793624138 6835.013422183285
2017 05 18_frequency 182 8 355 -1.49545552667e-07 4.89484268684e-11 40.0 close 19750 -1 -1 1915378.1228546805 6828.433088367081
2017 05 18_frequency 183 8 355 -3.24891332667e-07 1.56992515956e-10 40.0 close 43500 -1 -1 1889282.8798940699 6768.80177179923
2017 05 18_frequency 184 8 355 -1.84932768667e-07 8.03575602224e-11 40.0 close 24500 -1 -1 1909395.5576488157 6828.942020828372
2017 05 18_frequency 185 8 355 -1.7384825e-07 6.96028895473e-11 40.0 close 23000 -1 -1 1912011.974586267 6830.6725479189945
2017 05 18_frequency 186 8 355 -1.79444593333e-07 6.83370018527e-11 40.0 close 23750 -1 -1 1911238.495153175 6823.82478679069
2017 05 18_frequency 187 8 355 -2.84700043333e-07 1.24631619539e-10 40.0 close 38000 -1 -1 1895186.949781941 6778.8741443992285
2017 05 18_frequency 188 8 355 -1.81291601333e-07 6.79604630028e-11 40.0 close 24000 -1 -1 1910797.0578589276 6821.044013046821
2017 05 18_frequency 189 8 355 -3.03011365333e-07 1.36014220328e-10 40.0 close 40500 -1 -1 1892570.279022205 6772.12019415578
2017 05 18_frequency 19 8 355 -3.47041773333e-07 1.82048484262e-10 40.0 close 46500 -1 -1 1887891.0235807125 6774.787372315116
2017 05 18_frequency 190 8 355 -4.20425452e-08 1.4316704822e-11 40.0 close 5500 -1 -1 1933634.6987916615 6895.911746135905
2017 05 18_frequency 191 8 355 -1.64525402667e-07 6.86078226314e-11 40.0 close 21750 -1 -1 1913470.7227479906 6839.525098929406
2017 05 18_frequency 192 8 355 -2.33133558667e-07 9.4932615531e-11 40.0 close 31000 -1 -1 1902353.491090542 6797.637445916196
2017 05 18_frequency 193 8 355 -9.88223534667e-08 2.91534075078e-11 40.0 close 13000 -1 -1 1922914.4397519648 6849.876266384926
2017 05 18_frequency 194 8 355 -1.06410469333e-07 3.34049276738e-11 40.0 close 14000 -1 -1 1922668.6436832685 6852.108636186679
2017 05 18_frequency 195 8 355 -3.06238583333e-08 1.16705714465e-11 40.0 close 4000 -1 -1 1936636.1587619807 6914.559380347197
2017 05 18_frequency 196 8 355 -2.55467610667e-07 1.22909968756e-10 40.0 close 34000 -1 -1 1900662.690259984 6809.035994685448
2017 05 18_frequency 197 8 355 -2.79140898667e-07 1.2481039112e-10 40.0 close 37250 -1 -1 1895593.9581544516 6782.523979430043
2017 05 18_frequency 198 8 355 -1.12009226e-07 3.93295570447e-11 40.0 close 14750 -1 -1 1920922.7340808238 6852.5511424934
2017 05 18_frequency 20 8 355 -1.3829725e-07 5.479829164e-11 40.0 close 18250 -1 -1 1916897.0813619362 6847.241871925939
2017 05 18_frequency 21 8 355 -2.83076758667e-07 1.28293131116e-10 40.0 close 37750 -1 -1 1896860.4379135112 6788.507876806126
2017 05 18_frequency 22 8 355 -3.45001187333e-07 1.48872008695e-10 40.0 close 46250 -1 -1 1886935.1437338176 6747.9244442353
2017 05 18_frequency 23 8 355 -9.63769254667e-09 8.66600661403e-12 40.0 close 1250 -1 -1 1950343.8052536906 7142.36621667673
2017 05 18_frequency 24 8 355 -3.12457328667e-07 1.73165864356e-10 40.0 close 41750 -1 -1 1893138.3629246193 6802.045026291583
2017 05 18_frequency 25 8 355 -5.91222457333e-08 1.65351781906e-11 40.0 close 7750 -1 -1 1929733.5178159657 6871.780693406692
2017 05 18_frequency 26 8 355 -1.94469227333e-07 7.88082346769e-11 40.0 close 25750 -1 -1 1910388.8550123132 6825.925460936765
2017 05 18_frequency 27 8 355 -1.21414284667e-07 4.2232746752e-11 40.0 close 16000 -1 -1 1919543.3452342723 6847.012101794993
2017 05 18_frequency 28 8 355 -3.30617482e-07 1.67315950652e-10 40.0 close 44250 -1 -1 1889995.0183816631 6777.3144629955295
2017 05 18_frequency 29 8 355 -3.61335426667e-07 1.70492472431e-10 40.0 close 48500 -1 -1 1884590.1870698573 6749.131071203984
2017 05 18_frequency 30 8 355 -2.14732486e-07 9.71887613736e-11 40.0 close 28500 -1 -1 1905903.9607541559 6820.726833509753
2017 05 18_frequency 31 8 355 -1.98126355333e-07 7.59045519379e-11 40.0 close 26250 -1 -1 1909242.368218113 6817.164947401017
2017 05 18_frequency 32 8 355 -2.40555119333e-07 9.70821952071e-11 40.0 close 32000 -1 -1 1901571.8774118847 6794.0620058792665
2017 05 18_frequency 33 8 355 -2.11097662e-07 8.8542680232e-11 40.0 close 28000 -1 -1 1907100.203703267 6817.297583117161
2017 05 18_frequency 34 8 355 -2.20368738667e-07 9.16171576265e-11 40.0 close 29250 -1 -1 1905777.678778547 6811.747376927969
2017 05 18_frequency 35 8 355 -3.01275722667e-07 1.2910826214e-10 40.0 close 40250 -1 -1 1893417.4386206206 6770.429033564338
2017 05 18_frequency 36 8 355 -1.34601283333e-07 5.2542285722e-11 40.0 close 17750 -1 -1 1918222.424840483 6850.7339489368505
2017 05 18_frequency 37 8 355 -1.9203481e-08 9.93617288832e-12 40.0 close 2500 -1 -1 1943068.3239940968 6970.774466281017
2017 05 18_frequency 38 8 355 -2.29700237333e-07 1.05356010774e-10 40.0 close 30500 -1 -1 1905064.6794222163 6819.19379809667
2017 05 18_frequency 39 8 355 -5.15763323333e-08 1.12325695734e-11 40.0 close 6750 -1 -1 1932835.098136399 6874.464480109107
2017 05 18_frequency 40 8 355 -5.80539405333e-09 3.39873454932e-11 40.0 close 750 -1 -1 1958026.4802562306 13405.976394430338
2017 05 18_frequency 41 8 355 -2.61047674667e-07 1.31951249678e-10 40.0 close 34750 -1 -1 1900260.4986634506 6813.963707417564
2017 05 18_frequency 42 8 355 -1.47693277333e-07 5.40866541107e-11 40.0 close 19500 -1 -1 1915906.1735535825 6837.559989495159
2017 05 18_frequency 43 8 355 -1.92550204e-07 7.66165046449e-11 40.0 close 25500 -1 -1 1910081.6096372213 6823.250949907223
2017 05 18_frequency 44 8 355 -2.97576632e-07 1.31047004453e-10 40.0 close 39750 -1 -1 1893694.0369885296 6774.142244917277
2017 05 18_frequency 45 8 355 -1.72829154e-08 5.18387340766e-12 40.0 close 2250 -1 -1 1943043.871404227 6922.382582141931
2017 05 18_frequency 46 8 355 -1.8332964e-07 7.01903497641e-11 40.0 close 24250 -1 -1 1912357.4111179372 6828.236756164689
2017 05 18_frequency 47 8 355 -2.44244278e-07 1.04063348572e-10 40.0 close 32500 -1 -1 1901030.8195149547 6797.090256570067
2017 05 18_frequency 48 8 355 -3.82557379333e-08 1.14999852926e-11 40.0 close 5000 -1 -1 1935417.6617566007 6895.321724891597
2017 05 18_frequency 49 8 355 -2.26017745333e-07 1.01121988105e-10 40.0 close 30000 -1 -1 1905765.2516971484 6818.985006189128
2017 05 18_frequency 50 8 355 -1.86957952e-07 7.48640374011e-11 40.0 close 24750 -1 -1 1910807.1570120188 6826.382617391196
2017 05 18_frequency 51 8 355 -3.37868922667e-07 1.58670103106e-10 40.0 close 45250 -1 -1 1888764.3808091767 6763.528697600361
2017 05 18_frequency 52 8 355 -2.68323949333e-08 9.10729991063e-12 40.0 close 3500 -1 -1 1939275.5128910118 6915.822490305089
2017 05 18_frequency 53 8 355 -1.27064656667e-07 4.38087790542e-11 40.0 close 16750 -1 -1 1918925.3338693157 6844.236703972071
2017 05 18_frequency 54 8 355 -1.30901514e-07 4.05692905698e-11 40.0 close 17250 -1 -1 1919568.836687336 6840.388813862468
2017 05 18_frequency 55 8 355 -2.1301925e-07 9.20952924964e-11 40.0 close 28250 -1 -1 1907429.608038894 6821.404580824727
2017 05 18_frequency 56 8 355 -3.32342705333e-07 1.5666067483e-10 40.0 close 44500 -1 -1 1889184.0069096936 6765.468856012362
2017 05 18_frequency 57 8 355 -1.02631549333e-07 3.48486073307e-11 40.0 close 13500 -1 -1 1923070.6387284466 6858.05779881931
2017 05 18_frequency 58 8 355 -3.28767646e-07 1.6507827381e-10 40.0 close 44000 -1 -1 1890098.8424984005 6776.634814311327
2017 05 18_frequency 59 8 355 -1.51412238e-07 6.37213513876e-11 40.0 close 20000 -1 -1 1915045.529524408 6846.016443389046
2017 05 18_frequency 60 8 355 -3.54166065333e-07 1.89198049668e-10 40.0 close 47500 -1 -1 1886085.8529329742 6770.989710289579
2017 05 18_frequency 61 8 355 -1.60755116667e-07 6.78624357719e-11 40.0 close 21250 -1 -1 1913612.4644192385 6841.187002780742
2017 05 18_frequency 62 8 355 -3.41484026667e-07 1.5864587763e-10 40.0 close 45750 -1 -1 1888110.5372914488 6759.945303549735
2017 05 18_frequency 63 8 355 -1.70123554667e-07 7.49364073391e-11 40.0 close 22500 -1 -1 1912625.9813620124 6841.889711625867
2017 05 18_frequency 64 8 355 -9.13443742667e-08 2.59256473618e-11 40.0 close 12000 -1 -1 1925522.8628068161 6857.418067655744
2017 05 18_frequency 65 8 355 -1.13966433333e-07 3.98585660666e-11 40.0 close 15000 -1 -1 1921913.416009813 6855.823109118145
2017 05 18_frequency 66 8 355 -1.66463298e-07 5.9670125937e-11 40.0 close 22000 -1 -1 1914008.8186674323 6829.282234683689
2017 05 18_frequency 67 8 355 -2.35088165333e-07 9.89155707235e-11 40.0 close 31250 -1 -1 1902956.5208701044 6802.780393754941
2017 05 18_frequency 68 8 355 -1.10170932667e-07 3.88042068109e-11 40.0 close 14500 -1 -1 1921972.3891163114 6856.502189208105
2017 05 18_frequency 69 8 355 -3.06780682e-07 1.49352068201e-10 40.0 close 41000 -1 -1 1892745.7183144072 6782.136018096035
2017 05 18_frequency 70 8 355 -2.92024263333e-07 1.26733068779e-10 40.0 close 39000 -1 -1 1894098.022097724 6774.105870296998
2017 05 18_frequency 71 8 355 -8.7534269e-08 2.86986306003e-11 40.0 close 11500 -1 -1 1925432.9050152125 6864.3747597894535
2017 05 18_frequency 72 8 355 -1.25129016e-07 4.4892844389e-11 40.0 close 16500 -1 -1 1918325.0840488835 6844.743491918469
2017 05 18_frequency 73 8 355 -6.67453198667e-08 1.04588584455e-11 40.0 close 8750 -1 -1 1929571.545727847 6856.64886830593
2017 05 18_frequency 74 8 355 -2.2227917e-07 1.04094202688e-10 40.0 close 29500 -1 -1 1906008.6664897418 6824.95064138787
2017 05 18_frequency 75 8 355 -4.01591646667e-08 1.14316976673e-11 40.0 close 5250 -1 -1 1934966.6662227423 6891.179747934529
2017 05 18_frequency 76 8 355 -1.1561233e-08 2.14418071611e-11 40.0 close 1500 -1 -1 1949669.5788830544 7808.944286618467
2017 05 18_frequency 77 8 355 -3.14215268667e-07 1.78016877528e-10 40.0 close 42000 -1 -1 1892457.4126943275 6803.238968189201
2017 05 18_frequency 78 8 355 -7.42776394667e-08 2.6014752604e-11 40.0 close 9750 -1 -1 1927088.2274536786 6874.376620353845
2017 05 18_frequency 79 8 355 -3.43330449333e-07 1.76863949123e-10 40.0 close 46000 -1 -1 1888002.6988042148 6772.608408525248
2017 05 18_frequency 80 8 355 -9.31720857333e-08 3.43499739029e-11 40.0 close 12250 -1 -1 1923968.0223073747 6866.819311648701
2017 05 18_frequency 81 8 355 -1.23303491333e-07 4.12143792653e-11 40.0 close 16250 -1 -1 1919420.5006336167 6844.0797213955075
2017 05 18_frequency 82 8 355 -3.48790240667e-07 1.77860237301e-10 40.0 close 46750 -1 -1 1887256.0661510588 6768.5257775805985
2017 05 18_frequency 83 8 355 -1.77594448667e-07 7.32875912522e-11 40.0 close 23500 -1 -1 1911655.5611467466 6832.074870747681
2017 05 18_frequency 84 8 355 -6.28944884667e-08 1.69282776339e-11 40.0 close 8250 -1 -1 1928442.7981771042 6865.620279718227
2017 05 18_frequency 85 8 355 -2.42473606e-07 1.05464693764e-10 40.0 close 32250 -1 -1 1901878.9548568514 6802.158386941764
2017 05 18_frequency 86 8 355 -2.24031763333e-07 9.73109917852e-11 40.0 close 29750 -1 -1 1904893.709621658 6812.804020760946
2017 05 18_frequency 87 8 355 -2.73739958667e-07 1.20181797394e-10 40.0 close 36500 -1 -1 1897114.1068275378 6786.063060861115
2017 05 18_frequency 88 8 355 -1.57025234667e-07 5.93004170718e-11 40.0 close 20750 -1 -1 1914253.5916173588 6833.943966461913
2017 05 18_frequency 89 8 355 -3.70344539333e-07 1.8888006632e-10 40.0 close 49750 -1 -1 1883046.2237029795 6753.4480789738955
2017 05 18_frequency 90 8 355 -2.3861309e-07 1.09240779168e-10 40.0 close 31750 -1 -1 1901072.3955468321 6804.696063727541
2017 05 18_frequency 91 8 355 -8.56600884e-08 2.85147834893e-11 40.0 close 11250 -1 -1 1926079.0895217168 6867.575663492117
2017 05 18_frequency 92 8 355 -3.57841216667e-07 1.92695419567e-10 40.0 close 48000 -1 -1 1885807.0063930189 6771.196400420093
2017 05 18_frequency 93 8 355 -4.39496322e-08 1.44646649861e-11 40.0 close 5750 -1 -1 1933461.465273586 6893.222469496319
2017 05 18_frequency 94 8 355 -7.71983651333e-09 1.28088090296e-11 40.0 close 1000 -1 -1 1952793.0633337463 7652.225581147049
2017 05 18_frequency 95 8 355 -9.70221678667e-08 2.69860509544e-11 40.0 close 12750 -1 -1 1924903.2690645084 6854.348805407048
2017 05 18_frequency 96 8 355 -3.64968139333e-07 1.99977911746e-10 40.0 close 49000 -1 -1 1884113.2075965495 6767.804415619359
2017 05 18_frequency 97 8 355 -1.32671433333e-07 5.49574328205e-11 40.0 close 17500 -1 -1 1917730.1359971953 6854.132875793055
2017 05 18_frequency 98 8 355 -7.99925514e-08 1.97602106274e-11 40.0 close 10500 -1 -1 1927118.277854213 6857.812697008042
2017 05 18_frequency 99 8 355 -2.940093e-07 1.40767097955e-10 40.0 close 39250 -1 -1 1894826.8387796334 6787.537028997409
