# File Name Average Current (A) Current Standard Deviation (A) Pulse Width (us) UVLED Pulse Frequency (Hz) Charge/pulse (C) Charge Error 
2017 05 23_pulsegen 00 9.93061960654e-07 8.1377626782e-08 1 90000 1.1034021785044445E-11 9.93061960654E-7
2017 05 23_pulsegen 01 9.33114861333e-07 9.01555726197e-10 1 84000 1.1108510253964286E-11 9.33114861333E-7
2017 05 23_pulsegen 02 5.84530724e-07 1.33958452209e-09 1 36000 1.6236964555555556E-11 5.84530724E-7
2017 05 23_pulsegen 03 9.70902586e-07 1.17786573423e-09 1 92000 1.0553288978260868E-11 9.70902586E-7
2017 05 23_pulsegen 04 1.04822825333e-06 9.07842388572e-10 1 103000 1.0176973333300971E-11 1.04822825333E-6
2017 05 23_pulsegen 05 4.25466731333e-07 1.03773131694e-09 1 15000 2.8364448755533335E-11 4.25466731333E-7
2017 05 23_pulsegen 06 1.08987786e-06 9.08612092003e-10 1 109000 9.998879449541285E-12 1.08987786E-6
2017 05 23_pulsegen 07 8.12476466667e-07 9.38084429936e-10 1 70000 1.1606806666671429E-11 8.12476466667E-7
2017 05 23_pulsegen 08 7.71942482667e-07 9.4852780453e-10 1 64000 1.2061601291671876E-11 7.71942482667E-7
2017 05 23_pulsegen 09 5.94462527333e-07 9.34633803861e-10 1 39000 1.524262890597436E-11 5.94462527333E-7
2017 05 23_pulsegen 10 3.46659042667e-07 1.162339932e-09 1 3000 1.1555301422233333E-10 3.46659042667E-7
2017 05 23_pulsegen 100 4.11964653333e-07 1.60218405957e-09 1 14000 2.9426046666642854E-11 4.11964653333E-7
2017 05 23_pulsegen 101 4.83551247333e-07 9.01554819017e-10 1 24000 2.0147968638874997E-11 4.83551247333E-7
2017 05 23_pulsegen 102 4.33889766e-07 1.22903263769e-09 1 17000 2.5522927411764705E-11 4.33889766E-7
2017 05 23_pulsegen 103 3.84488740667e-07 1.00567089389e-09 1 10000 3.84488740667E-11 3.84488740667E-7
2017 05 23_pulsegen 104 5.38675994667e-07 1.28174120008e-09 1 32000 1.683362483334375E-11 5.38675994667E-7
2017 05 23_pulsegen 105 5.12401100667e-07 9.6866871086e-10 1 28000 1.8300039309535716E-11 5.12401100667E-7
2017 05 23_pulsegen 106 1.05654202e-06 1.00652137232e-09 1 105000 1.0062304952380952E-11 1.05654202E-6
2017 05 23_pulsegen 107 5.82389507333e-07 7.76530665726e-10 1 38000 1.5326039666657893E-11 5.82389507333E-7
2017 05 23_pulsegen 108 1.12053937333e-06 8.9924080977e-10 1 114000 9.829292748508771E-12 1.12053937333E-6
2017 05 23_pulsegen 109 8.85811465333e-07 1.25190508144e-09 1 81000 1.093594401645679E-11 8.85811465333E-7
2017 05 23_pulsegen 11 1.11792949333e-06 1.63825763032e-09 1 113000 9.893181356902656E-12 1.11792949333E-6
2017 05 23_pulsegen 110 8.72173698667e-07 1.62573567872e-09 1 79000 1.10401734008481E-11 8.72173698667E-7
2017 05 23_pulsegen 111 3.65206378667e-07 1.33731642706e-09 1 7000 5.217233980957142E-11 3.65206378667E-7
2017 05 23_pulsegen 112 6.45748385333e-07 1.11957411744e-09 1 47000 1.3739327347510637E-11 6.45748385333E-7
2017 05 23_pulsegen 113 4.62133276e-07 1.2705172399e-09 1 21000 2.2006346476190476E-11 4.62133276E-7
2017 05 23_pulsegen 114 6.40051778667e-07 1.47485180402e-09 1 46000 1.3914169101456523E-11 6.40051778667E-7
2017 05 23_pulsegen 115 5.04619423333e-07 1.11879384991e-09 1 27000 1.8689608271592594E-11 5.04619423333E-7
2017 05 23_pulsegen 116 1.00047383533e-06 1.36673295368e-09 1 97000 1.0314163250824743E-11 1.00047383533E-6
2017 05 23_pulsegen 117 1.07670074667e-06 1.43459061843e-09 1 108000 9.969451358055555E-12 1.07670074667E-6
2017 05 23_pulsegen 118 8.29736006e-07 1.08483743595e-09 1 73000 1.1366246657534247E-11 8.29736006E-7
2017 05 23_pulsegen 119 5.27675102e-07 1.12952600835e-09 1 30000 1.7589170066666667E-11 5.27675102E-7
2017 05 23_pulsegen 12 7.14821599333e-07 1.18732924793e-09 1 56000 1.2764671416660715E-11 7.14821599333E-7
2017 05 23_pulsegen 13 9.84225213333e-07 1.28717233069e-09 1 94000 1.0470480992904254E-11 9.84225213333E-7
2017 05 23_pulsegen 14 8.28247469333e-07 1.50331442411e-09 1 72000 1.1503437074069444E-11 8.28247469333E-7
2017 05 23_pulsegen 15 1.13135544e-06 1.29020945834e-09 1 115000 9.837873391304348E-12 1.13135544E-6
2017 05 23_pulsegen 16 1.14155993333e-06 1.26120484018e-09 1 116000 9.841033908017242E-12 1.14155993333E-6
2017 05 23_pulsegen 17 6.37441962e-07 1.2706542449e-09 1 45000 1.4165376933333333E-11 6.37441962E-7
2017 05 23_pulsegen 18 9.47669739333e-07 2.17155101482e-09 1 89000 1.064797459924719E-11 9.47669739333E-7
2017 05 23_pulsegen 19 3.46114828667e-07 1.47158177788e-09 1 4000 8.652870716675E-11 3.46114828667E-7
2017 05 23_pulsegen 20 8.83055369333e-07 1.92825697979e-09 1 77000 1.1468251549779221E-11 8.83055369333E-7
2017 05 23_pulsegen 21 4.32555613333e-07 1.21524542057e-09 1 13000 3.3273508717923076E-11 4.32555613333E-7
2017 05 23_pulsegen 22 4.54698513333e-07 1.33563390741e-09 1 16000 2.84186570833125E-11 4.54698513333E-7
2017 05 23_pulsegen 23 6.3718705e-07 1.45685613487e-09 1 42000 1.517112023809524E-11 6.3718705E-7
2017 05 23_pulsegen 24 7.71864704e-07 2.25184343763e-09 1 61000 1.2653519737704919E-11 7.71864704E-7
2017 05 23_pulsegen 25 1.12167858667e-06 1.69058234222e-09 1 110000 1.0197078060636363E-11 1.12167858667E-6
2017 05 23_pulsegen 26 8.20723189333e-07 1.47566156654e-09 1 68000 1.2069458666661764E-11 8.20723189333E-7
2017 05 23_pulsegen 27 9.65849388e-07 1.27202112597e-09 1 88000 1.0975561227272727E-11 9.65849388E-7
2017 05 23_pulsegen 28 4.05911836e-07 1.75328141241e-09 1 9000 4.5101315111111114E-11 4.05911836E-7
2017 05 23_pulsegen 29 1.18504714e-06 2.19718401302e-09 1 119000 9.958379327731093E-12 1.18504714E-6
2017 05 23_pulsegen 30 6.7478711e-07 1.79742067403e-09 1 48000 1.4058064791666668E-11 6.7478711E-7
2017 05 23_pulsegen 31 9.31700544e-07 1.80566673575e-09 1 85000 1.0961182870588234E-11 9.31700544E-7
2017 05 23_pulsegen 32 3.37206278667e-07 1.55880620449e-09 1 1000 3.37206278667E-10 3.37206278667E-7
2017 05 23_pulsegen 33 7.94229280667e-07 1.40686478311e-09 1 66000 1.203377697980303E-11 7.94229280667E-7
2017 05 23_pulsegen 34 1.08614284e-06 1.90651459678e-09 1 107000 1.0150867663551403E-11 1.08614284E-6
2017 05 23_pulsegen 35 9.98482920667e-07 1.18026097506e-09 1 95000 1.0510346533336843E-11 9.98482920667E-7
2017 05 23_pulsegen 36 1.15296722667e-06 1.42571259444e-09 1 117000 9.854420740769231E-12 1.15296722667E-6
2017 05 23_pulsegen 37 4.5955889e-07 1.13812311729e-09 1 19000 2.418731E-11 4.5955889E-7
2017 05 23_pulsegen 38 6.70494602e-07 1.38028398814e-09 1 49000 1.3683563306122449E-11 6.70494602E-7
2017 05 23_pulsegen 39 6.25205296e-07 1.580447773e-09 1 43000 1.4539658046511628E-11 6.25205296E-7
2017 05 23_pulsegen 40 1.05963822e-06 1.94093892698e-09 1 104000 1.0188829038461538E-11 1.05963822E-6
2017 05 23_pulsegen 41 6.13499897333e-07 1.02931593303e-09 1 41000 1.496341213007317E-11 6.13499897333E-7
2017 05 23_pulsegen 42 9.10617496e-07 1.23693394671e-09 1 83000 1.097129513253012E-11 9.10617496E-7
2017 05 23_pulsegen 43 5.8454228e-07 1.24436446413e-09 1 37000 1.579844E-11 5.8454228E-7
2017 05 23_pulsegen 44 6.32323875333e-07 1.3719854401e-09 1 44000 1.437099716665909E-11 6.32323875333E-7
2017 05 23_pulsegen 45 1.00257416933e-06 1.40743901244e-09 1 96000 1.0443480930520833E-11 1.00257416933E-6
2017 05 23_pulsegen 46 1.03041804e-06 1.3617273828e-09 1 100000 1.0304180399999999E-11 1.03041804E-6
2017 05 23_pulsegen 47 1.02092784e-06 1.28112595311e-09 1 99000 1.0312402424242425E-11 1.02092784E-6
2017 05 23_pulsegen 48 1.15582654667e-06 1.4252532013e-09 1 118000 9.79514022601695E-12 1.15582654667E-6
2017 05 23_pulsegen 49 5.68912677333e-07 1.25499061554e-09 1 35000 1.62546479238E-11 5.68912677333E-7
2017 05 23_pulsegen 50 9.78367529333e-07 1.38477687654e-09 1 93000 1.0520080960569893E-11 9.78367529333E-7
2017 05 23_pulsegen 51 9.64624444667e-07 1.4679671319e-09 1 91000 1.0600268622714285E-11 9.64624444667E-7
2017 05 23_pulsegen 52 4.99722226e-07 1.41422979045e-09 1 25000 1.998888904E-11 4.99722226E-7
2017 05 23_pulsegen 53 7.35098940667e-07 1.55178000013e-09 1 58000 1.2674119666672415E-11 7.35098940667E-7
2017 05 23_pulsegen 54 8.11005534e-07 1.42545013521e-09 1 69000 1.1753703391304348E-11 8.11005534E-7
2017 05 23_pulsegen 55 6.97159357333e-07 1.71174287175e-09 1 53000 1.3153950138358491E-11 6.97159357333E-7
2017 05 23_pulsegen 56 4.87235112e-07 1.4646946865e-09 1 23000 2.1184135304347824E-11 4.87235112E-7
2017 05 23_pulsegen 57 7.47256112e-07 1.52082053944e-09 1 60000 1.2454268533333333E-11 7.47256112E-7
2017 05 23_pulsegen 58 7.24935380667e-07 2.17973348281e-09 1 57000 1.2718164573105262E-11 7.24935380667E-7
2017 05 23_pulsegen 59 9.02662915333e-07 1.25060888609e-09 1 82000 1.1008084333329269E-11 9.02662915333E-7
2017 05 23_pulsegen 60 4.77157884e-07 1.22252485199e-09 1 22000 2.1688994727272726E-11 4.77157884E-7
2017 05 23_pulsegen 61 6.02784535333e-07 1.31088896881e-09 1 40000 1.5069613383325E-11 6.02784535333E-7
2017 05 23_pulsegen 62 7.11093306e-07 1.11347732192e-09 1 55000 1.29289692E-11 7.11093306E-7
2017 05 23_pulsegen 63 5.04559450667e-07 1.4003685093e-09 1 26000 1.9406132717961537E-11 5.04559450667E-7
2017 05 23_pulsegen 64 3.57694958667e-07 1.43921893568e-09 1 5000 7.15389917334E-11 3.57694958667E-7
2017 05 23_pulsegen 65 1.03565316e-06 1.33941539029e-09 1 101000 1.0253991683168316E-11 1.03565316E-6
2017 05 23_pulsegen 66 4.06940177333e-07 1.50831755433e-09 1 12000 3.391168144441667E-11 4.06940177333E-7
2017 05 23_pulsegen 67 9.27242143333e-07 1.15097818731e-09 1 86000 1.0781885387593023E-11 9.27242143333E-7
2017 05 23_pulsegen 68 7.66304994e-07 1.46843069991e-09 1 63000 1.2163571333333333E-11 7.66304994E-7
2017 05 23_pulsegen 69 8.41198006e-07 1.20484216882e-09 1 74000 1.1367540621621621E-11 8.41198006E-7
2017 05 23_pulsegen 70 4.45385335333e-07 1.249209055e-09 1 18000 2.4743629740722223E-11 4.45385335333E-7
2017 05 23_pulsegen 71 8.49261136e-07 1.24507616631e-09 1 75000 1.1323481813333334E-11 8.49261136E-7
2017 05 23_pulsegen 72 7.59592546e-07 9.34185191892e-10 1 62000 1.2251492677419354E-11 7.59592546E-7
2017 05 23_pulsegen 73 3.74269094e-07 1.04766356694e-09 1 8000 4.6783636750000006E-11 3.74269094E-7
2017 05 23_pulsegen 74 8.728809e-07 1.68276521563e-09 1 78000 1.1190780769230769E-11 8.728809E-7
2017 05 23_pulsegen 75 9.34201634667e-07 1.1348347428e-09 1 87000 1.0737949823758621E-11 9.34201634667E-7
2017 05 23_pulsegen 76 5.58775170667e-07 1.04458554483e-09 1 34000 1.643456384314706E-11 5.58775170667E-7
2017 05 23_pulsegen 77 6.63087658e-07 1.27353395402e-09 1 52000 1.275168573076923E-11 6.63087658E-7
2017 05 23_pulsegen 78 8.35442929333e-07 8.67835793594e-09 1 76000 1.0992670122802632E-11 8.35442929333E-7
2017 05 23_pulsegen 79 1.09909118667e-06 1.17130112488e-09 1 112000 9.813314166696429E-12 1.09909118667E-6
2017 05 23_pulsegen 80 3.84955042e-07 1.28470583918e-09 1 11000 3.499591290909091E-11 3.84955042E-7
2017 05 23_pulsegen 81 5.43377176667e-07 1.1040253571e-09 1 33000 1.646597505051515E-11 5.43377176667E-7
2017 05 23_pulsegen 82 1.03249804e-06 1.29126640102e-09 1 102000 1.0122529803921568E-11 1.03249804E-6
2017 05 23_pulsegen 83 3.54530687333e-07 1.16650145697e-09 1 6000 5.908844788883333E-11 3.54530687333E-7
2017 05 23_pulsegen 84 7.71478436e-07 1.50670365524e-09 1 65000 1.1868899015384615E-11 7.71478436E-7
2017 05 23_pulsegen 85 6.65119968e-07 9.88517082524e-10 1 50000 1.330239936E-11 6.65119968E-7
2017 05 23_pulsegen 86 7.27921517333e-07 1.31422056981e-09 1 59000 1.2337652836152541E-11 7.27921517333E-7
2017 05 23_pulsegen 87 4.51581632667e-07 9.68342297503e-10 1 20000 2.2579081633349997E-11 4.51581632667E-7
2017 05 23_pulsegen 88 8.76309887333e-07 1.63819464531e-09 1 80000 1.0953873591662501E-11 8.76309887333E-7
2017 05 23_pulsegen 89 5.31003748667e-07 1.48604545412e-09 1 31000 1.7129153182806452E-11 5.31003748667E-7
2017 05 23_pulsegen 90 5.18482902667e-07 1.29221300803e-09 1 29000 1.7878720781620692E-11 5.18482902667E-7
2017 05 23_pulsegen 91 8.12338532e-07 1.55775208482e-09 1 71000 1.1441387774647886E-11 8.12338532E-7
2017 05 23_pulsegen 92 3.22916232e-07 1.19371199711e-09 1 2000 1.61458116E-10 3.22916232E-7
2017 05 23_pulsegen 93 1.09756306667e-06 1.85203227354e-09 1 111000 9.887955555585586E-12 1.09756306667E-6
2017 05 23_pulsegen 94 1.00693384e-06 1.38629591877e-09 1 98000 1.0274835102040816E-11 1.00693384E-6
2017 05 23_pulsegen 95 1.0643055e-06 1.74265463685e-09 1 106000 1.00406179245283E-11 1.0643055E-6
2017 05 23_pulsegen 96 6.72504704667e-07 1.34410005071e-09 1 51000 1.3186366758176472E-11 6.72504704667E-7
2017 05 23_pulsegen 97 6.92647878e-07 1.46471615011e-09 1 54000 1.2826812555555554E-11 6.92647878E-7
2017 05 23_pulsegen 98 7.85010546e-07 2.06685426319e-09 1 67000 1.1716575313432836E-11 7.85010546E-7
2017 05 23_pulsegen 99 1.15961974667e-06 8.46450614324e-10 1 120000 9.663497888916667E-12 1.15961974667E-6
